Chicago-Naperville-Elgin, IL-IN-WI — Score Report
============================================================

White–Black Comparison
  Year           edge_1      half_edge_1          moran_P  dissimilarity_1      skew_self_1     skew_other_1
------------------------------------------------------------------------------------------------------------
  1990           0.7545           0.8528           0.9058           0.8594           0.6143           0.8947
  2000           0.6916           0.8042           0.9052           0.8263           0.5119           0.8714
  2010           0.6817           0.7976           0.9164           0.7779           0.5060           0.8574
  2020           0.6726           0.7921           0.9197           0.7514           0.5050           0.8401
------------------------------------------------------------------------------------------------------------
  Mean           0.7001           0.8117           0.9118           0.8038           0.5343           0.8659
Median           0.6867           0.8009           0.9111           0.8021           0.5089           0.8644
   Min           0.6726           0.7921           0.9052           0.7514           0.5050           0.8401
   Max           0.7545           0.8528           0.9197           0.8594           0.6143           0.8947
   Std           0.0371           0.0278           0.0074           0.0483           0.0534           0.0231

White–POC Comparison
  Year           edge_1      half_edge_1          moran_P  dissimilarity_1      skew_self_1     skew_other_1
------------------------------------------------------------------------------------------------------------
  1990           0.6010           0.7428           0.9093           0.6825           0.4732           0.7288
  2000           0.5261           0.6826           0.9036           0.6221           0.4162           0.6360
  2010           0.4965           0.6607           0.8983           0.5642           0.4275           0.5654
  2020           0.4718           0.6408           0.9010           0.5151           0.4504           0.4931
------------------------------------------------------------------------------------------------------------
  Mean           0.5238           0.6817           0.9031           0.5960           0.4418           0.6058
Median           0.5113           0.6717           0.9023           0.5932           0.4390           0.6007
   Min           0.4718           0.6408           0.8983           0.5151           0.4162           0.4931
   Max           0.6010           0.7428           0.9093           0.6825           0.4732           0.7288
   Std           0.0560           0.0441           0.0047           0.0724           0.0253           0.1006
