Dallas-Fort Worth-Arlington, TX — Score Report
============================================================

White–Black Comparison
  Year           edge_1      half_edge_1          moran_P  dissimilarity_1      skew_self_1     skew_other_1
------------------------------------------------------------------------------------------------------------
  1990           0.5893           0.7082           0.7893           0.6731           0.3338           0.8448
  2000           0.5480           0.6663           0.7803           0.6318           0.2745           0.8214
  2010           0.5428           0.6761           0.7853           0.5959           0.3205           0.7650
  2020           0.5167           0.6580           0.7648           0.5592           0.3168           0.7165
------------------------------------------------------------------------------------------------------------
  Mean           0.5492           0.6772           0.7799           0.6150           0.3114           0.7869
Median           0.5454           0.6712           0.7828           0.6138           0.3187           0.7932
   Min           0.5167           0.6580           0.7648           0.5592           0.2745           0.7165
   Max           0.5893           0.7082           0.7893           0.6731           0.3338           0.8448
   Std           0.0300           0.0220           0.0107           0.0488           0.0257           0.0577

White–POC Comparison
  Year           edge_1      half_edge_1          moran_P  dissimilarity_1      skew_self_1     skew_other_1
------------------------------------------------------------------------------------------------------------
  1990           0.4971           0.6453           0.7974           0.5366           0.3209           0.6733
  2000           0.4698           0.6326           0.7932           0.5089           0.3673           0.5724
  2010           0.4527           0.6231           0.7958           0.4832           0.4389           0.4664
  2020           0.4307           0.6000           0.7961           0.4337           0.4868           0.3746
------------------------------------------------------------------------------------------------------------
  Mean           0.4626           0.6253           0.7956           0.4906           0.4035           0.5217
Median           0.4613           0.6279           0.7960           0.4961           0.4031           0.5194
   Min           0.4307           0.6000           0.7932           0.4337           0.3209           0.3746
   Max           0.4971           0.6453           0.7974           0.5366           0.4868           0.6733
   Std           0.0280           0.0192           0.0018           0.0438           0.0738           0.1294
