Austin-Round Rock, TX — Score Report
============================================================

White–Black Comparison
  Year           edge_1      half_edge_1          moran_P  dissimilarity_1      skew_self_1     skew_other_1
------------------------------------------------------------------------------------------------------------
  1990           0.5238           0.6221           0.7204           0.5815           0.1917           0.8559
  2000           0.5117           0.6014           0.7211           0.5526           0.1602           0.8633
  2010           0.4969           0.5825           0.7070           0.5233           0.1383           0.8555
  2020           0.4775           0.5635           0.6066           0.4773           0.1226           0.8324
------------------------------------------------------------------------------------------------------------
  Mean           0.5025           0.5924           0.6888           0.5337           0.1532           0.8518
Median           0.5043           0.5920           0.7137           0.5380           0.1492           0.8557
   Min           0.4775           0.5635           0.6066           0.4773           0.1226           0.8324
   Max           0.5238           0.6221           0.7211           0.5815           0.1917           0.8633
   Std           0.0200           0.0251           0.0551           0.0445           0.0299           0.0134

White–POC Comparison
  Year           edge_1      half_edge_1          moran_P  dissimilarity_1      skew_self_1     skew_other_1
------------------------------------------------------------------------------------------------------------
  1990           0.4399           0.5956           0.7070           0.4495           0.2891           0.5906
  2000           0.4345           0.5998           0.7425           0.4392           0.3404           0.5287
  2010           0.4224           0.5930           0.7835           0.4037           0.3852           0.4596
  2020           0.3938           0.5649           0.7621           0.3362           0.4070           0.3806
------------------------------------------------------------------------------------------------------------
  Mean           0.4226           0.5883           0.7488           0.4071           0.3554           0.4899
Median           0.4285           0.5943           0.7523           0.4215           0.3628           0.4941
   Min           0.3938           0.5649           0.7070           0.3362           0.2891           0.3806
   Max           0.4399           0.5998           0.7835           0.4495           0.4070           0.5906
   Std           0.0206           0.0158           0.0325           0.0512           0.0522           0.0904
