Houston-The Woodlands-Sugar Land, TX — Score Report
============================================================

White–Black Comparison
  Year           edge_1      half_edge_1          moran_P  dissimilarity_1      skew_self_1     skew_other_1
------------------------------------------------------------------------------------------------------------
  1990           0.5971           0.7291           0.7625           0.7015           0.4039           0.7903
  2000           0.6012           0.7332           0.7654           0.6923           0.4115           0.7910
  2010           0.5345           0.6789           0.7589           0.6421           0.3564           0.7127
  2020           0.5275           0.6779           0.7044           0.6099           0.3774           0.6775
------------------------------------------------------------------------------------------------------------
  Mean           0.5651           0.7048           0.7478           0.6615           0.3873           0.7429
Median           0.5658           0.7040           0.7607           0.6672           0.3907           0.7515
   Min           0.5275           0.6779           0.7044           0.6099           0.3564           0.6775
   Max           0.6012           0.7332           0.7654           0.7015           0.4115           0.7910
   Std           0.0395           0.0305           0.0291           0.0432           0.0253           0.0570

White–POC Comparison
  Year           edge_1      half_edge_1          moran_P  dissimilarity_1      skew_self_1     skew_other_1
------------------------------------------------------------------------------------------------------------
  1990           0.4758           0.6418           0.7753           0.5399           0.4063           0.5453
  2000           0.4850           0.6532           0.8051           0.5476           0.4876           0.4823
  2010           0.4497           0.6169           0.8212           0.5202           0.5224           0.3771
  2020           0.4397           0.6001           0.8278           0.4814           0.5652           0.3142
------------------------------------------------------------------------------------------------------------
  Mean           0.4625           0.6280           0.8073           0.5223           0.4954           0.4297
Median           0.4628           0.6294           0.8131           0.5301           0.5050           0.4297
   Min           0.4397           0.6001           0.7753           0.4814           0.4063           0.3142
   Max           0.4850           0.6532           0.8278           0.5476           0.5652           0.5453
   Std           0.0214           0.0240           0.0234           0.0296           0.0673           0.1037
